    0.10000E-03    0.45781E+03
    0.10202E-03    0.46668E+03
    0.10408E-03    0.47572E+03
    0.10618E-03    0.48494E+03
    0.10833E-03    0.49433E+03
    0.11052E-03    0.50391E+03
    0.11275E-03    0.51367E+03
    0.11503E-03    0.52362E+03
    0.11735E-03    0.53377E+03
    0.11972E-03    0.54411E+03
    0.12214E-03    0.55465E+03
    0.12461E-03    0.56539E+03
    0.12712E-03    0.57634E+03
    0.12969E-03    0.58750E+03
    0.13231E-03    0.59888E+03
    0.13499E-03    0.61048E+03
    0.13771E-03    0.62230E+03
    0.14049E-03    0.63435E+03
    0.14333E-03    0.64664E+03
    0.14623E-03    0.65916E+03
    0.14918E-03    0.67192E+03
    0.15220E-03    0.68493E+03
    0.15527E-03    0.69819E+03
    0.15841E-03    0.71171E+03
    0.16161E-03    0.72549E+03
    0.16487E-03    0.73953E+03
    0.16820E-03    0.75385E+03
    0.17160E-03    0.76844E+03
    0.17507E-03    0.78331E+03
    0.17860E-03    0.79847E+03
    0.18221E-03    0.81392E+03
    0.18589E-03    0.82967E+03
    0.18965E-03    0.84573E+03
    0.19348E-03    0.86209E+03
    0.19739E-03    0.87877E+03
    0.20138E-03    0.89577E+03
    0.20544E-03    0.91310E+03
    0.20959E-03    0.93076E+03
    0.21383E-03    0.94876E+03
    0.21815E-03    0.96710E+03
    0.22255E-03    0.98580E+03
    0.22705E-03    0.10049E+04
    0.23164E-03    0.10243E+04
    0.23632E-03    0.10441E+04
    0.24109E-03    0.10643E+04
    0.24596E-03    0.10848E+04
    0.25093E-03    0.11058E+04
    0.25600E-03    0.11272E+04
    0.26117E-03    0.11489E+04
    0.26645E-03    0.11711E+04
    0.27183E-03    0.11937E+04
    0.27732E-03    0.12168E+04
    0.28292E-03    0.12403E+04
    0.28864E-03    0.12642E+04
    0.29447E-03    0.12886E+04
    0.30042E-03    0.13135E+04
    0.30649E-03    0.13388E+04
    0.31268E-03    0.13647E+04
    0.31899E-03    0.13910E+04
    0.32544E-03    0.14178E+04
    0.33201E-03    0.14451E+04
    0.33872E-03    0.14730E+04
    0.34556E-03    0.15014E+04
    0.35254E-03    0.15303E+04
    0.35966E-03    0.15598E+04
    0.36693E-03    0.15898E+04
    0.37434E-03    0.16204E+04
    0.38190E-03    0.16516E+04
    0.38962E-03    0.16834E+04
    0.39749E-03    0.17158E+04
    0.40552E-03    0.17488E+04
    0.41371E-03    0.17824E+04
    0.42207E-03    0.18167E+04
    0.43060E-03    0.18516E+04
    0.43929E-03    0.18871E+04
    0.44817E-03    0.19234E+04
    0.45722E-03    0.19603E+04
    0.46646E-03    0.19979E+04
    0.47588E-03    0.20362E+04
    0.48550E-03    0.20752E+04
    0.49530E-03    0.21150E+04
    0.50531E-03    0.21555E+04
    0.51552E-03    0.21968E+04
    0.52593E-03    0.22388E+04
    0.53656E-03    0.22817E+04
    0.54739E-03    0.23253E+04
    0.55845E-03    0.23697E+04
    0.56973E-03    0.24150E+04
    0.58124E-03    0.24611E+04
    0.59299E-03    0.25081E+04
    0.60496E-03    0.25559E+04
    0.61719E-03    0.26046E+04
    0.62965E-03    0.26543E+04
    0.64237E-03    0.27048E+04
    0.65535E-03    0.27563E+04
    0.66859E-03    0.28087E+04
    0.68210E-03    0.28620E+04
    0.69588E-03    0.29164E+04
    0.70993E-03    0.29717E+04
    0.72427E-03    0.30281E+04
    0.73891E-03    0.30855E+04
    0.75383E-03    0.31439E+04
    0.76906E-03    0.32034E+04
    0.78460E-03    0.32639E+04
    0.80045E-03    0.33256E+04
    0.81662E-03    0.33884E+04
    0.83311E-03    0.34523E+04
    0.84994E-03    0.35173E+04
    0.86711E-03    0.35835E+04
    0.88463E-03    0.36509E+04
    0.90250E-03    0.37195E+04
    0.92073E-03    0.37894E+04
    0.93933E-03    0.38604E+04
    0.95831E-03    0.39327E+04
    0.97767E-03    0.40063E+04
    0.99742E-03    0.40812E+04
    0.10176E-02    0.41574E+04
    0.10381E-02    0.42350E+04
    0.10591E-02    0.43139E+04
    0.10805E-02    0.43941E+04
    0.11023E-02    0.44758E+04
    0.11246E-02    0.45588E+04
    0.11473E-02    0.46433E+04
    0.11705E-02    0.47293E+04
    0.11941E-02    0.48167E+04
    0.12182E-02    0.49056E+04
    0.12429E-02    0.49960E+04
    0.12680E-02    0.50880E+04
    0.12936E-02    0.51815E+04
    0.13197E-02    0.52765E+04
    0.13464E-02    0.53732E+04
    0.13736E-02    0.54715E+04
    0.14013E-02    0.55713E+04
    0.14296E-02    0.56729E+04
    0.14585E-02    0.57761E+04
    0.14880E-02    0.58809E+04
    0.15180E-02    0.59875E+04
    0.15487E-02    0.60958E+04
    0.15800E-02    0.62058E+04
    0.16119E-02    0.63176E+04
    0.16445E-02    0.64312E+04
    0.16777E-02    0.65465E+04
    0.17116E-02    0.66637E+04
    0.17462E-02    0.67827E+04
    0.17814E-02    0.69035E+04
    0.18174E-02    0.70262E+04
    0.18541E-02    0.71508E+04
    0.18916E-02    0.72773E+04
    0.19298E-02    0.74056E+04
    0.19688E-02    0.75359E+04
    0.20086E-02    0.76681E+04
    0.20491E-02    0.78023E+04
    0.20905E-02    0.79384E+04
    0.21328E-02    0.80765E+04
    0.21758E-02    0.82165E+04
    0.22198E-02    0.83586E+04
    0.22646E-02    0.85027E+04
    0.23104E-02    0.86487E+04
    0.23571E-02    0.87968E+04
    0.24047E-02    0.89469E+04
    0.24533E-02    0.90990E+04
    0.25028E-02    0.92532E+04
    0.25534E-02    0.94094E+04
    0.26050E-02    0.95676E+04
    0.26576E-02    0.97279E+04
    0.27113E-02    0.98902E+04
    0.27660E-02    0.10055E+05
    0.28219E-02    0.10221E+05
    0.28789E-02    0.10389E+05
    0.29371E-02    0.10560E+05
    0.29964E-02    0.10732E+05
    0.30569E-02    0.10907E+05
    0.31187E-02    0.11083E+05
    0.31817E-02    0.11262E+05
    0.32460E-02    0.11442E+05
    0.33115E-02    0.11625E+05
    0.33784E-02    0.11809E+05
    0.34467E-02    0.11995E+05
    0.35163E-02    0.12183E+05
    0.35874E-02    0.12374E+05
    0.36598E-02    0.12565E+05
    0.37338E-02    0.12759E+05
    0.38092E-02    0.12955E+05
    0.38861E-02    0.13152E+05
    0.39646E-02    0.13351E+05
    0.40447E-02    0.13552E+05
    0.41264E-02    0.13754E+05
    0.42098E-02    0.13958E+05
    0.42948E-02    0.14164E+05
    0.43816E-02    0.14371E+05
    0.44701E-02    0.14580E+05
    0.45604E-02    0.14790E+05
    0.46525E-02    0.15001E+05
    0.47465E-02    0.15213E+05
    0.48424E-02    0.15427E+05
    0.49402E-02    0.15642E+05
    0.50400E-02    0.15858E+05
    0.51419E-02    0.16076E+05
    0.52457E-02    0.16294E+05
    0.53517E-02    0.16513E+05
    0.54598E-02    0.16732E+05
    0.55701E-02    0.16953E+05
    0.56826E-02    0.17174E+05
    0.57974E-02    0.17395E+05
    0.59145E-02    0.17617E+05
    0.60340E-02    0.17839E+05
    0.61559E-02    0.18062E+05
    0.62803E-02    0.18284E+05
    0.64072E-02    0.18506E+05
    0.65366E-02    0.18729E+05
    0.66686E-02    0.18951E+05
    0.68033E-02    0.19172E+05
    0.69408E-02    0.19393E+05
    0.70810E-02    0.19613E+05
    0.72240E-02    0.19833E+05
    0.73700E-02    0.20051E+05
    0.75189E-02    0.20268E+05
    0.76708E-02    0.20484E+05
    0.78257E-02    0.20699E+05
    0.79838E-02    0.20911E+05
    0.81451E-02    0.21122E+05
    0.83096E-02    0.21331E+05
    0.84775E-02    0.21538E+05
    0.86488E-02    0.21742E+05
    0.88235E-02    0.21944E+05
    0.90017E-02    0.22143E+05
    0.91836E-02    0.22339E+05
    0.93691E-02    0.22532E+05
    0.95583E-02    0.22721E+05
    0.97514E-02    0.22907E+05
    0.99484E-02    0.23088E+05
    0.10149E-01    0.23266E+05
    0.10354E-01    0.23439E+05
    0.10564E-01    0.23608E+05
    0.10777E-01    0.23772E+05
    0.10995E-01    0.23931E+05
    0.11217E-01    0.24084E+05
    0.11443E-01    0.24232E+05
    0.11675E-01    0.24374E+05
    0.11910E-01    0.24510E+05
    0.12151E-01    0.24639E+05
    0.12397E-01    0.24761E+05
    0.12647E-01    0.24877E+05
    0.12902E-01    0.24986E+05
    0.13163E-01    0.25087E+05
    0.13429E-01    0.25181E+05
    0.13700E-01    0.25267E+05
    0.13977E-01    0.25344E+05
    0.14259E-01    0.25411E+05
    0.14547E-01    0.25467E+05
    0.14841E-01    0.25514E+05
    0.15141E-01    0.25552E+05
    0.15447E-01    0.25582E+05
    0.15759E-01    0.25607E+05
    0.16077E-01    0.25628E+05
    0.16402E-01    0.25643E+05
    0.16734E-01    0.25650E+05
    0.17072E-01    0.25646E+05
    0.17416E-01    0.25629E+05
    0.17768E-01    0.25594E+05
    0.18127E-01    0.25543E+05
    0.18493E-01    0.25478E+05
    0.18867E-01    0.25399E+05
    0.19248E-01    0.25309E+05
    0.19637E-01    0.25209E+05
    0.20034E-01    0.25098E+05
    0.20438E-01    0.24976E+05
    0.20851E-01    0.24839E+05
    0.21272E-01    0.24687E+05
    0.21702E-01    0.24518E+05
    0.22141E-01    0.24333E+05
    0.22588E-01    0.24134E+05
    0.23044E-01    0.23923E+05
    0.23510E-01    0.23702E+05
    0.23985E-01    0.23472E+05
    0.24469E-01    0.23235E+05
    0.24964E-01    0.22990E+05
    0.25468E-01    0.22738E+05
    0.25982E-01    0.22477E+05
    0.26507E-01    0.22209E+05
    0.27043E-01    0.21933E+05
    0.27589E-01    0.21648E+05
    0.28146E-01    0.21355E+05
    0.28715E-01    0.21052E+05
    0.29295E-01    0.20741E+05
    0.29887E-01    0.20422E+05
    0.30490E-01    0.20096E+05
    0.31106E-01    0.19765E+05
    0.31735E-01    0.19428E+05
    0.32376E-01    0.19087E+05
    0.33030E-01    0.18744E+05
    0.33697E-01    0.18400E+05
    0.34378E-01    0.18057E+05
    0.35072E-01    0.17714E+05
    0.35781E-01    0.17375E+05
    0.36504E-01    0.17038E+05
    0.37241E-01    0.16706E+05
    0.37993E-01    0.16379E+05
    0.38761E-01    0.16057E+05
    0.39544E-01    0.15741E+05
    0.40343E-01    0.15432E+05
    0.41158E-01    0.15130E+05
    0.41989E-01    0.14835E+05
    0.42838E-01    0.14549E+05
    0.43703E-01    0.14270E+05
    0.44586E-01    0.14001E+05
    0.45486E-01    0.13743E+05
    0.46405E-01    0.13496E+05
    0.47343E-01    0.13260E+05
    0.48299E-01    0.13038E+05
    0.49275E-01    0.12826E+05
    0.50270E-01    0.12624E+05
    0.51286E-01    0.12432E+05
    0.52322E-01    0.12247E+05
    0.53379E-01    0.12070E+05
    0.54457E-01    0.11900E+05
    0.55557E-01    0.11736E+05
    0.56680E-01    0.11577E+05
    0.57825E-01    0.11423E+05
    0.58993E-01    0.11270E+05
    0.60184E-01    0.11119E+05
    0.61400E-01    0.10967E+05
    0.62641E-01    0.10812E+05
    0.63906E-01    0.10654E+05
    0.65197E-01    0.10492E+05
    0.66514E-01    0.10323E+05
    0.67858E-01    0.10144E+05
    0.69229E-01    0.99556E+04
    0.70627E-01    0.97565E+04
    0.72054E-01    0.95500E+04
    0.73510E-01    0.93386E+04
    0.74994E-01    0.91209E+04
    0.76509E-01    0.88921E+04
    0.78055E-01    0.86480E+04
    0.79632E-01    0.83905E+04
    0.81241E-01    0.81250E+04
    0.82882E-01    0.78559E+04
    0.84556E-01    0.75853E+04
    0.86264E-01    0.73148E+04
    0.88007E-01    0.70465E+04
    0.89785E-01    0.67831E+04
    0.91598E-01    0.65274E+04
    0.93449E-01    0.62820E+04
    0.95337E-01    0.60494E+04
    0.97263E-01    0.58315E+04
    0.99227E-01    0.56300E+04
    0.10123E+00    0.54465E+04
    0.10328E+00    0.52813E+04
    0.10536E+00    0.51342E+04
    0.10749E+00    0.50045E+04
    0.10966E+00    0.48903E+04
    0.11188E+00    0.47892E+04
    0.11414E+00    0.46986E+04
    0.11644E+00    0.46151E+04
    0.11880E+00    0.45356E+04
    0.12120E+00    0.44564E+04
    0.12365E+00    0.43745E+04
    0.12614E+00    0.42866E+04
    0.12869E+00    0.41902E+04
    0.13129E+00    0.40834E+04
    0.13394E+00    0.39653E+04
    0.13665E+00    0.38364E+04
    0.13941E+00    0.36979E+04
    0.14223E+00    0.35523E+04
    0.14510E+00    0.34026E+04
    0.14803E+00    0.32524E+04
    0.15102E+00    0.31050E+04
    0.15407E+00    0.29644E+04
    0.15718E+00    0.28338E+04
    0.16036E+00    0.27162E+04
    0.16360E+00    0.26131E+04
    0.16690E+00    0.25251E+04
    0.17028E+00    0.24508E+04
    0.17371E+00    0.23877E+04
    0.17722E+00    0.23326E+04
    0.18080E+00    0.22818E+04
    0.18446E+00    0.22318E+04
    0.18818E+00    0.21793E+04
    0.19198E+00    0.21212E+04
    0.19586E+00    0.20557E+04
    0.19982E+00    0.19822E+04
    0.20386E+00    0.19023E+04
    0.20797E+00    0.18186E+04
    0.21218E+00    0.17348E+04
    0.21646E+00    0.16541E+04
    0.22083E+00    0.15794E+04
    0.22530E+00    0.15129E+04
    0.22985E+00    0.14554E+04
    0.23449E+00    0.14066E+04
    0.23923E+00    0.13646E+04
    0.24406E+00    0.13269E+04
    0.24899E+00    0.12904E+04
    0.25402E+00    0.12522E+04
    0.25915E+00    0.12105E+04
    0.26439E+00    0.11648E+04
    0.26973E+00    0.11162E+04
    0.27518E+00    0.10667E+04
    0.28074E+00    0.10185E+04
    0.28641E+00    0.97371E+03
    0.29219E+00    0.93374E+03
    0.29810E+00    0.89882E+03
    0.30412E+00    0.86793E+03
    0.31026E+00    0.83940E+03
    0.31653E+00    0.81140E+03
    0.32292E+00    0.78245E+03
    0.32945E+00    0.75199E+03
    0.33610E+00    0.72050E+03
    0.34289E+00    0.68917E+03
    0.34982E+00    0.65933E+03
    0.35689E+00    0.63195E+03
    0.36409E+00    0.60718E+03
    0.37145E+00    0.58448E+03
    0.37895E+00    0.56295E+03
    0.38661E+00    0.54165E+03
    0.39442E+00    0.52005E+03
    0.40239E+00    0.49831E+03
    0.41052E+00    0.47707E+03
    0.41881E+00    0.45689E+03
    0.42727E+00    0.43812E+03
    0.43590E+00    0.42067E+03
    0.44471E+00    0.40405E+03
    0.45369E+00    0.38787E+03
    0.46286E+00    0.37188E+03
    0.47221E+00    0.35618E+03
    0.48174E+00    0.34108E+03
    0.49148E+00    0.32677E+03
    0.50141E+00    0.31327E+03
    0.51153E+00    0.30038E+03
    0.52187E+00    0.28792E+03
    0.53241E+00    0.27578E+03
    0.54317E+00    0.26404E+03
    0.55414E+00    0.25281E+03
    0.56533E+00    0.24211E+03
    0.57675E+00    0.23189E+03
    0.58840E+00    0.22204E+03
    0.60029E+00    0.21256E+03
    0.61242E+00    0.20345E+03
    0.62479E+00    0.19470E+03
    0.63741E+00    0.18632E+03
    0.65029E+00    0.17829E+03
    0.66342E+00    0.17059E+03
    0.67683E+00    0.16320E+03
    0.69050E+00    0.15612E+03
    0.70445E+00    0.14934E+03
    0.71868E+00    0.14283E+03
    0.73320E+00    0.13660E+03
    0.74801E+00    0.13062E+03
    0.76312E+00    0.12489E+03
    0.77854E+00    0.11940E+03
    0.79426E+00    0.11414E+03
    0.81031E+00    0.10910E+03
    0.82668E+00    0.10428E+03
    0.84338E+00    0.99652E+02
    0.86041E+00    0.95224E+02
    0.87780E+00    0.90984E+02
    0.89553E+00    0.86925E+02
    0.91362E+00    0.83040E+02
    0.93208E+00    0.79321E+02
    0.95091E+00    0.75762E+02
    0.97011E+00    0.72357E+02
    0.98971E+00    0.69098E+02
    0.10097E+01    0.65981E+02
    0.10301E+01    0.63000E+02
    0.10509E+01    0.60147E+02
    0.10721E+01    0.57420E+02
    0.10938E+01    0.54811E+02
    0.11159E+01    0.52317E+02
    0.11384E+01    0.49932E+02
    0.11614E+01    0.47651E+02
    0.11849E+01    0.45472E+02
    0.12088E+01    0.43388E+02
    0.12333E+01    0.41397E+02
    0.12582E+01    0.39494E+02
    0.12836E+01    0.37675E+02
    0.13095E+01    0.35938E+02
    0.13360E+01    0.34278E+02
    0.13630E+01    0.32692E+02
    0.13905E+01    0.31177E+02
    0.14186E+01    0.29731E+02
    0.14472E+01    0.28349E+02
    0.14765E+01    0.27029E+02
    0.15063E+01    0.25770E+02
    0.15367E+01    0.24567E+02
    0.15678E+01    0.23418E+02
    0.15994E+01    0.22322E+02
    0.16318E+01    0.21275E+02
    0.16647E+01    0.20277E+02
    0.16984E+01    0.19323E+02
    0.17327E+01    0.18414E+02
    0.17677E+01    0.17546E+02
    0.18034E+01    0.16718E+02
    0.18398E+01    0.15927E+02
    0.18770E+01    0.15174E+02
    0.19149E+01    0.14455E+02
    0.19536E+01    0.13769E+02
    0.19930E+01    0.13115E+02
    0.20333E+01    0.12491E+02
    0.20744E+01    0.11896E+02
    0.21163E+01    0.11328E+02
    0.21590E+01    0.10788E+02
    0.22026E+01    0.10272E+02
    0.22471E+01    0.97802E+01
    0.22925E+01    0.93115E+01
    0.23388E+01    0.88648E+01
    0.23861E+01    0.84390E+01
    0.24343E+01    0.80332E+01
    0.24835E+01    0.76465E+01
    0.25336E+01    0.72780E+01
    0.25848E+01    0.69268E+01
    0.26370E+01    0.65922E+01
    0.26903E+01    0.62734E+01
    0.27447E+01    0.59697E+01
    0.28001E+01    0.56804E+01
    0.28567E+01    0.54048E+01
    0.29144E+01    0.51424E+01
    0.29733E+01    0.48924E+01
    0.30333E+01    0.46543E+01
    0.30946E+01    0.44275E+01
    0.31571E+01    0.42116E+01
    0.32209E+01    0.40060E+01
    0.32860E+01    0.38102E+01
    0.33523E+01    0.36239E+01
    0.34201E+01    0.34464E+01
    0.34892E+01    0.32775E+01
    0.35596E+01    0.31167E+01
    0.36316E+01    0.29637E+01
    0.37049E+01    0.28180E+01
    0.37798E+01    0.26794E+01
    0.38561E+01    0.25475E+01
    0.39340E+01    0.24219E+01
    0.40135E+01    0.23024E+01
    0.40946E+01    0.21887E+01
    0.41773E+01    0.20806E+01
    0.42617E+01    0.19777E+01
    0.43478E+01    0.18797E+01
    0.44356E+01    0.17866E+01
    0.45252E+01    0.16980E+01
    0.46166E+01    0.16137E+01
    0.47099E+01    0.15335E+01
    0.48050E+01    0.14573E+01
    0.49021E+01    0.13848E+01
    0.50011E+01    0.13158E+01
    0.51021E+01    0.12502E+01
    0.52052E+01    0.11879E+01
    0.53104E+01    0.11285E+01
    0.54176E+01    0.10722E+01
    0.55271E+01    0.10185E+01
    0.56387E+01    0.96757E+00
    0.57526E+01    0.91911E+00
    0.58689E+01    0.87304E+00
    0.59874E+01    0.82925E+00
    0.61084E+01    0.78762E+00
    0.62318E+01    0.74805E+00
    0.63577E+01    0.71044E+00
    0.64861E+01    0.67470E+00
    0.66171E+01    0.64073E+00
    0.67508E+01    0.60844E+00
    0.68872E+01    0.57776E+00
    0.70263E+01    0.54861E+00
    0.71682E+01    0.52091E+00
    0.73130E+01    0.49458E+00
    0.74608E+01    0.46957E+00
    0.76115E+01    0.44581E+00
    0.77653E+01    0.42324E+00
    0.79221E+01    0.40179E+00
    0.80822E+01    0.38142E+00
    0.82454E+01    0.36206E+00
    0.84120E+01    0.34368E+00
    0.85819E+01    0.32622E+00
    0.87553E+01    0.30963E+00
    0.89322E+01    0.29388E+00
    0.91126E+01    0.27892E+00
    0.92967E+01    0.26471E+00
    0.94845E+01    0.25122E+00
    0.96761E+01    0.23840E+00
    0.98716E+01    0.22624E+00
    0.10071E+02    0.21468E+00
    0.10274E+02    0.20371E+00
    0.10482E+02    0.19330E+00
    0.10694E+02    0.18341E+00
    0.10910E+02    0.17402E+00
    0.11130E+02    0.16510E+00
    0.11355E+02    0.15664E+00
    0.11584E+02    0.14861E+00
    0.11818E+02    0.14098E+00
    0.12057E+02    0.13374E+00
    0.12301E+02    0.12687E+00
    0.12549E+02    0.12035E+00
    0.12803E+02    0.11416E+00
    0.13061E+02    0.10828E+00
    0.13325E+02    0.10270E+00
    0.13594E+02    0.97412E-01
    0.13869E+02    0.92390E-01
    0.14149E+02    0.87624E-01
    0.14435E+02    0.83101E-01
    0.14727E+02    0.78810E-01
    0.15024E+02    0.74738E-01
    0.15328E+02    0.70874E-01
    0.15637E+02    0.67208E-01
    0.15953E+02    0.63730E-01
    0.16275E+02    0.60430E-01
    0.16604E+02    0.57299E-01
    0.16940E+02    0.54329E-01
    0.17282E+02    0.51511E-01
    0.17631E+02    0.48838E-01
    0.17987E+02    0.46303E-01
    0.18351E+02    0.43897E-01
    0.18721E+02    0.41616E-01
    0.19099E+02    0.39452E-01
    0.19485E+02    0.37400E-01
    0.19879E+02    0.35453E-01
    0.20280E+02    0.33607E-01
    0.20690E+02    0.31856E-01
    0.21108E+02    0.30195E-01
    0.21535E+02    0.28620E-01
    0.21970E+02    0.27127E-01
    0.22413E+02    0.25711E-01
    0.22866E+02    0.24368E-01
    0.23328E+02    0.23094E-01
    0.23799E+02    0.21887E-01
    0.24280E+02    0.20742E-01
    0.24771E+02    0.19656E-01
    0.25271E+02    0.18627E-01
    0.25782E+02    0.17651E-01
    0.26302E+02    0.16726E-01
    0.26834E+02    0.15849E-01
    0.27376E+02    0.15017E-01
    0.27929E+02    0.14229E-01
    0.28493E+02    0.13482E-01
    0.29069E+02    0.12774E-01
    0.29656E+02    0.12102E-01
    0.30255E+02    0.11466E-01
    0.30866E+02    0.10863E-01
    0.31490E+02    0.10291E-01
    0.32126E+02    0.97488E-02
    0.32775E+02    0.92352E-02
    0.33437E+02    0.87483E-02
    0.34112E+02    0.82869E-02
    0.34801E+02    0.78497E-02
    0.35504E+02    0.74353E-02
    0.36222E+02    0.70426E-02
    0.36953E+02    0.66704E-02
    0.37700E+02    0.63178E-02
    0.38462E+02    0.59836E-02
    0.39239E+02    0.56670E-02
    0.40031E+02    0.53669E-02
    0.40840E+02    0.50826E-02
    0.41665E+02    0.48132E-02
    0.42507E+02    0.45580E-02
    0.43365E+02    0.43162E-02
    0.44241E+02    0.40871E-02
    0.45135E+02    0.38701E-02
    0.46047E+02    0.36645E-02
    0.46977E+02    0.34697E-02
    0.47926E+02    0.32851E-02
    0.48894E+02    0.31103E-02
    0.49882E+02    0.29447E-02
    0.50890E+02    0.27878E-02
    0.51918E+02    0.26393E-02
    0.52966E+02    0.24985E-02
    0.54036E+02    0.23652E-02
    0.55128E+02    0.22389E-02
    0.56242E+02    0.21193E-02
    0.57378E+02    0.20061E-02
    0.58537E+02    0.18988E-02
    0.59720E+02    0.17972E-02
    0.60926E+02    0.17010E-02
    0.62157E+02    0.16099E-02
    0.63412E+02    0.15236E-02
    0.64693E+02    0.14419E-02
    0.66000E+02    0.13645E-02
    0.67334E+02    0.12912E-02
    0.68694E+02    0.12218E-02
    0.70082E+02    0.11561E-02
    0.71497E+02    0.10939E-02
    0.72942E+02    0.10350E-02
    0.74415E+02    0.97925E-03
    0.75918E+02    0.92645E-03
    0.77452E+02    0.87646E-03
    0.79017E+02    0.82914E-03
    0.80613E+02    0.78434E-03
    0.82241E+02    0.74192E-03
    0.83903E+02    0.70177E-03
    0.85598E+02    0.66376E-03
    0.87327E+02    0.62779E-03
    0.89091E+02    0.59373E-03
    0.90891E+02    0.56150E-03
    0.92727E+02    0.53099E-03
    0.94600E+02    0.50211E-03
    0.96511E+02    0.47478E-03
    0.98461E+02    0.44891E-03
    0.10045E+03    0.42443E-03
    0.10248E+03    0.40126E-03
    0.10455E+03    0.37933E-03
    0.10666E+03    0.35858E-03
    0.10882E+03    0.33895E-03
    0.11101E+03    0.32037E-03
    0.11326E+03    0.30279E-03
    0.11554E+03    0.28616E-03
    0.11788E+03    0.27042E-03
    0.12026E+03    0.25553E-03
    0.12269E+03    0.24145E-03
    0.12517E+03    0.22812E-03
    0.12770E+03    0.21551E-03
    0.13028E+03    0.20359E-03
    0.13291E+03    0.19231E-03
    0.13559E+03    0.18163E-03
    0.13833E+03    0.17154E-03
    0.14113E+03    0.16200E-03
    0.14398E+03    0.15297E-03
    0.14689E+03    0.14443E-03
    0.14985E+03    0.13635E-03
    0.15288E+03    0.12872E-03
    0.15597E+03    0.12150E-03
    0.15912E+03    0.11467E-03
    0.16233E+03    0.10822E-03
    0.16561E+03    0.10212E-03
    0.16896E+03    0.96348E-04
    0.17237E+03    0.90895E-04
    0.17585E+03    0.85741E-04
    0.17941E+03    0.80869E-04
    0.18303E+03    0.76265E-04
    0.18673E+03    0.71913E-04
    0.19050E+03    0.67801E-04
    0.19435E+03    0.63916E-04
    0.19828E+03    0.60244E-04
    0.20228E+03    0.56776E-04
    0.20637E+03    0.53499E-04
    0.21054E+03    0.50404E-04
    0.21479E+03    0.47481E-04
    0.21913E+03    0.44720E-04
    0.22356E+03    0.42113E-04
    0.22807E+03    0.39651E-04
    0.23268E+03    0.37327E-04
    0.23738E+03    0.35133E-04
    0.24217E+03    0.33062E-04
    0.24707E+03    0.31107E-04
    0.25206E+03    0.29263E-04
    0.25715E+03    0.27522E-04
    0.26234E+03    0.25880E-04
    0.26764E+03    0.24331E-04
    0.27305E+03    0.22870E-04
    0.27857E+03    0.21493E-04
    0.28419E+03    0.20194E-04
    0.28994E+03    0.18969E-04
    0.29579E+03    0.17815E-04
    0.30177E+03    0.16728E-04
    0.30786E+03    0.15703E-04
    0.31408E+03    0.14737E-04
    0.32043E+03    0.13828E-04
    0.32690E+03    0.12972E-04
    0.33351E+03    0.12166E-04
    0.34024E+03    0.11407E-04
    0.34712E+03    0.10693E-04
    0.35413E+03    0.10021E-04
    0.36128E+03    0.93894E-05
    0.36858E+03    0.87953E-05
    0.37603E+03    0.82367E-05
    0.38362E+03    0.77117E-05
    0.39137E+03    0.72184E-05
    0.39928E+03    0.67550E-05
    0.40734E+03    0.63199E-05
    0.41557E+03    0.59114E-05
    0.42397E+03    0.55280E-05
    0.43253E+03    0.51683E-05
    0.44127E+03    0.48309E-05
    0.45019E+03    0.45146E-05
    0.45928E+03    0.42180E-05
    0.46856E+03    0.39401E-05
    0.47802E+03    0.36798E-05
    0.48768E+03    0.34360E-05
    0.49753E+03    0.32078E-05
    0.50758E+03    0.29942E-05
    0.51784E+03    0.27944E-05
    0.52830E+03    0.26076E-05
    0.53897E+03    0.24330E-05
    0.54986E+03    0.22697E-05
    0.56097E+03    0.21172E-05
    0.57230E+03    0.19748E-05
    0.58386E+03    0.18418E-05
    0.59565E+03    0.17176E-05
    0.60769E+03    0.16018E-05
    0.61996E+03    0.14938E-05
    0.63249E+03    0.13930E-05
    0.64526E+03    0.12991E-05
    0.65830E+03    0.12116E-05
    0.67160E+03    0.11301E-05
    0.68516E+03    0.10541E-05
    0.69901E+03    0.98333E-06
    0.71313E+03    0.91744E-06
    0.72753E+03    0.85610E-06
    0.74223E+03    0.79899E-06
    0.75722E+03    0.74585E-06
    0.77252E+03    0.69639E-06
    0.78813E+03    0.65037E-06
    0.80405E+03    0.60755E-06
    0.82029E+03    0.56771E-06
    0.83686E+03    0.53065E-06
    0.85377E+03    0.49617E-06
    0.87101E+03    0.46408E-06
    0.88861E+03    0.43421E-06
    0.90656E+03    0.40640E-06
    0.92488E+03    0.38050E-06
    0.94356E+03    0.35638E-06
    0.96262E+03    0.33390E-06
    0.98207E+03    0.31295E-06
    0.10019E+04    0.29342E-06
    0.10221E+04    0.27520E-06
    0.10428E+04    0.25821E-06
    0.10639E+04    0.24234E-06
    0.10854E+04    0.22752E-06
    0.11073E+04    0.21367E-06
    0.11296E+04    0.20071E-06
    0.11525E+04    0.18858E-06
    0.11757E+04    0.17722E-06
    0.11995E+04    0.16657E-06
    0.12237E+04    0.15659E-06
    0.12485E+04    0.14722E-06
    0.12737E+04    0.13843E-06
    0.12994E+04    0.13017E-06
    0.13257E+04    0.12241E-06
    0.13524E+04    0.11510E-06
    0.13798E+04    0.10823E-06
    0.14076E+04    0.10176E-06
    0.14361E+04    0.95663E-07
    0.14651E+04    0.89918E-07
    0.14947E+04    0.84500E-07
    0.15249E+04    0.79389E-07
    0.15557E+04    0.74569E-07
    0.15871E+04    0.70027E-07
    0.16192E+04    0.65748E-07
    0.16519E+04    0.61721E-07
    0.16852E+04    0.57934E-07
    0.17193E+04    0.54374E-07
    0.17540E+04    0.51029E-07
    0.17894E+04    0.47888E-07
    0.18256E+04    0.44941E-07
    0.18625E+04    0.42176E-07
    0.19001E+04    0.39584E-07
    0.19385E+04    0.37157E-07
    0.19776E+04    0.34887E-07
    0.20176E+04    0.32764E-07
    0.20583E+04    0.30782E-07
    0.20999E+04    0.28932E-07
    0.21424E+04    0.27206E-07
    0.21856E+04    0.25598E-07
    0.22298E+04    0.24101E-07
    0.22748E+04    0.22707E-07
    0.23208E+04    0.21408E-07
    0.23677E+04    0.20195E-07
    0.24155E+04    0.19058E-07
    0.24643E+04    0.17990E-07
    0.25141E+04    0.16984E-07
    0.25649E+04    0.16034E-07
    0.26167E+04    0.15134E-07
    0.26695E+04    0.14281E-07
    0.27235E+04    0.13469E-07
    0.27785E+04    0.12696E-07
    0.28346E+04    0.11960E-07
    0.28919E+04    0.11261E-07
    0.29503E+04    0.10600E-07
    0.30099E+04    0.99744E-08
    0.30707E+04    0.93852E-08
    0.31327E+04    0.88313E-08
    0.31960E+04    0.83115E-08
    0.32606E+04    0.78248E-08
    0.33264E+04    0.73699E-08
    0.33936E+04    0.69455E-08
    0.34622E+04    0.65496E-08
    0.35321E+04    0.61794E-08
    0.36035E+04    0.58326E-08
    0.36763E+04    0.55068E-08
    0.37506E+04    0.52001E-08
    0.38263E+04    0.49109E-08
    0.39036E+04    0.46375E-08
    0.39825E+04    0.43787E-08
    0.40629E+04    0.41332E-08
    0.41450E+04    0.39000E-08
    0.42287E+04    0.36785E-08
    0.43142E+04    0.34684E-08
    0.44013E+04    0.32694E-08
    0.44902E+04    0.30812E-08
    0.45809E+04    0.29035E-08
    0.46735E+04    0.27360E-08
    0.47679E+04    0.25782E-08
    0.48642E+04    0.24297E-08
    0.49625E+04    0.22903E-08
    0.50627E+04    0.21594E-08
    0.51650E+04    0.20366E-08
    0.52693E+04    0.19212E-08
    0.53758E+04    0.18128E-08
    0.54844E+04    0.17108E-08
    0.55952E+04    0.16148E-08
    0.57082E+04    0.15243E-08
    0.58235E+04    0.14390E-08
    0.59412E+04    0.13585E-08
    0.60612E+04    0.12825E-08
    0.61836E+04    0.12107E-08
    0.63085E+04    0.11429E-08
    0.64360E+04    0.10788E-08
    0.65660E+04    0.10183E-08
    0.66986E+04    0.96112E-09
    0.68340E+04    0.90715E-09
    0.69720E+04    0.85620E-09
    0.71129E+04    0.80811E-09
    0.72566E+04    0.76273E-09
    0.74031E+04    0.71991E-09
    0.75527E+04    0.67952E-09
    0.77053E+04    0.64141E-09
    0.78609E+04    0.60547E-09
    0.80197E+04    0.57156E-09
    0.81817E+04    0.53956E-09
    0.83470E+04    0.50937E-09
    0.85156E+04    0.48089E-09
    0.86877E+04    0.45401E-09
    0.88632E+04    0.42865E-09
    0.90422E+04    0.40472E-09
    0.92249E+04    0.38213E-09
    0.94112E+04    0.36082E-09
    0.96013E+04    0.34070E-09
    0.97953E+04    0.32170E-09
    0.99932E+04    0.30377E-09
    0.10195E+05    0.28684E-09
    0.10401E+05    0.27086E-09
    0.10611E+05    0.25577E-09
    0.10825E+05    0.24151E-09
    0.11044E+05    0.22805E-09
    0.11267E+05    0.21534E-09
    0.11495E+05    0.20333E-09
    0.11727E+05    0.19199E-09
    0.11964E+05    0.18127E-09
    0.12206E+05    0.17115E-09
    0.12452E+05    0.16158E-09
    0.12704E+05    0.15255E-09
    0.12960E+05    0.14401E-09
    0.13222E+05    0.13595E-09
    0.13489E+05    0.12833E-09
    0.13762E+05    0.12113E-09
    0.14040E+05    0.11433E-09
    0.14324E+05    0.10790E-09
    0.14613E+05    0.10184E-09
    0.14908E+05    0.96113E-10
    0.15209E+05    0.90711E-10
    0.15516E+05    0.85614E-10
    0.15830E+05    0.80807E-10
    0.16150E+05    0.76274E-10
    0.16476E+05    0.72000E-10
    0.16809E+05    0.67971E-10
    0.17148E+05    0.64174E-10
    0.17495E+05    0.60592E-10
    0.17848E+05    0.57213E-10
    0.18209E+05    0.54024E-10
    0.18577E+05    0.51013E-10
    0.18952E+05    0.48169E-10
    0.19335E+05    0.45482E-10
    0.19725E+05    0.42943E-10
    0.20124E+05    0.40542E-10
    0.20530E+05    0.38272E-10
    0.20945E+05    0.36125E-10
    0.21368E+05    0.34096E-10
    0.21800E+05    0.32178E-10
    0.22240E+05    0.30367E-10
    0.22690E+05    0.28657E-10
    0.23148E+05    0.27042E-10
    0.23615E+05    0.25518E-10
    0.24093E+05    0.24080E-10
    0.24579E+05    0.22724E-10
    0.25076E+05    0.21446E-10
    0.25582E+05    0.20240E-10
    0.26099E+05    0.19103E-10
    0.26626E+05    0.18030E-10
    0.27164E+05    0.17018E-10
    0.27713E+05    0.16064E-10
    0.28273E+05    0.15163E-10
    0.28844E+05    0.14313E-10
    0.29427E+05    0.13511E-10
    0.30021E+05    0.12753E-10
    0.30628E+05    0.12039E-10
    0.31246E+05    0.11364E-10
    0.31878E+05    0.10726E-10
    0.32522E+05    0.10125E-10
    0.33179E+05    0.95571E-11
    0.33849E+05    0.90210E-11
    0.34533E+05    0.85150E-11
    0.35230E+05    0.80374E-11
    0.35942E+05    0.75865E-11
    0.36668E+05    0.71609E-11
